%Quarter car model
mc=60;
ms=12;
k1=23;
c1=30;
k2=700;
v=[25:25:250];
c_com=[12,8,6.7,5.8,5.04,4.33,4.5,4.15,4.22,4.2];
c_re=[4,5,4,4.5,4.8,4.53,4.57,4.5,4.44,4.4];    
